CNN Image Classifier - Classification Report
==================================================
              precision    recall  f1-score   support

           0       1.00      0.97      0.99        36
           1       0.92      0.92      0.92        36
           2       0.97      1.00      0.99        35
           3       0.97      1.00      0.99        37
           4       0.95      0.97      0.96        36
           5       0.97      1.00      0.99        37
           6       0.97      0.97      0.97        36
           7       0.97      0.97      0.97        36
           8       0.97      0.86      0.91        35
           9       0.97      1.00      0.99        36

    accuracy                           0.97       360
   macro avg       0.97      0.97      0.97       360
weighted avg       0.97      0.97      0.97       360
